0, 70 0 0.6 0.6 0.9 1 0.9 0.9 0.9 0.8 0.9 6 4 32 12 1 1 1 2 0 1 1
1 1 1 1 1 1 1 102 0 83 0 0 0 104 44 0 92 0 0 102 0 0 74 96 0 91 0 0
0 92 0 0 86 0 0 98 0 0 0 0.244898 0 -0.0306122 0 0 0 -0.183673 0.132653
0 -0.0204082 0 0 -0.0408163 0 0 0.306122 0.0204082 0 0.234694 0 0 0
0.0102041 0 0 0.397959 0 0 -0.214286 0 0 -0.132653 1 1123 1415 10 0
0.183486 3 2 1 0 0 0;
1, 70 0 0.6 0.6 0.9 1 0.9 0.9 0.9 0.8 0.9 6 4 32 12 1 1 1 2 0 1 1
1 1 1 1 1 1 1 102 0 83 0 0 0 104 44 0 92 0 0 102 0 0 74 96 0 91 0 0
0 92 0 0 86 0 0 98 0 0 0 0.244898 0 -0.0306122 0 0 0 -0.183673 0.132653
0 -0.0204082 0 0 -0.0408163 0 0 0.306122 0.0204082 0 0.234694 0 0 0
0.0102041 0 0 0.397959 0 0 -0.214286 0 0 -0.132653 1 1123 1415 10 0
0.183486 3 2 2 0 0 0;
2, 70 0 0.6 0.6 0.9 1 0.9 0.9 0.9 0.8 0.9 6 4 32 12 1 1 1 2 0 1 1
1 1 1 1 1 1 1 102 0 83 0 0 0 104 44 0 92 0 0 102 0 0 74 96 0 91 0 0
0 92 0 0 86 0 0 98 0 0 0 0.244898 0 -0.0306122 0 0 0 -0.183673 0.132653
0 -0.0204082 0 0 -0.0408163 0 0 0.306122 0.0204082 0 0.234694 0 0 0
0.0102041 0 0 0.397959 0 0 -0.214286 0 0 -0.132653 1 1123 1415 10 0
0.183486 3 2 2 0 0 0;
3, 70 0 0.6 0.6 0.9 1 0.9 0.9 0.9 0.8 0.9 6 4 32 12 1 1 1 2 0 1 1
1 1 1 1 1 1 1 0 0 0 0 0 0 0 0 0 0 0 0 0 0 0 0 0 0 0 0 0 0 0 0 0 0 0
0 0 0 0 0 0 0 0 0 0 0 0 0 0 0 0 0 0 0 0 0 0 0 0 0 0 0 0 0 0 0 0 0 0
0 0 0 1 1123 1415 10 0 0.183486 3 1 0 0 0 0;
4, 70 0 0.6 0.6 0.9 1 0.9 0.9 0.9 0.8 0.9 6 4 32 12 1 1 1 2 0 1 1
1 1 1 1 1 1 1 0 0 0 0 0 0 0 0 0 0 0 0 0 0 0 0 0 0 0 0 0 0 0 0 0 0 0
0 0 0 0 66 0 0 0 0 0 0 0 0 0 0 0 0 0 0 0 0 0 0 0 0 0 0 0 0 0 0 0 0
0 0 0 -0.132653 1 1123 1415 10 0 0.183486 3 1 0 0 0 0;
5, 70 0 0.6 0.6 0.9 1 0.9 0.9 0.9 0.8 0.9 6 4 32 12 1 1 1 2 0 1 1
1 1 1 1 1 1 1 0 0 0 0 0 0 0 0 0 0 0 0 0 0 0 0 0 0 0 0 0 0 0 0 0 0 0
0 0 0 0 66 0 0 0 0 0 0 0 0 0 0 0 0 0 0 0 0 0 0 0 0 0 0 0 0 0 0 0 0
0 0 0 -0.132653 1 1123 1415 10 0 0.183486 3 1 0 0 0 0;
6, 70 0 0.6 0.6 0.9 1 0.9 0.9 0.9 0.8 0.9 6 4 32 12 1 1 1 2 0 1 1
1 1 1 1 1 1 1 0 0 0 0 0 0 0 0 0 0 0 0 0 0 0 0 0 0 0 0 0 0 0 0 0 0 0
0 0 0 0 1.98438 0 0 0 0 0 0 0 0 0 0 0 0 0 0 0 0 0 0 0 0 0 0 0 0 0 0
0 0 0 0 0 -0.132653 1 1123 1415 10 0 0.183486 3 1 0 0 0 0;
7, 70 0 0.6 0.6 0.9 1 0.9 0.9 0.9 0.8 0.9 6 4 32 12 1 1 1 2 0 1 1
1 1 1 1 1 1 1 0 0 0 0 0 0 0 0 0 0 0 0 0 0 0 0 0 0 0 0 0 0 0 0 0 0 0
0 0 0 0 0 0 0 0 0 0 0 0 0 0 0 0 0 0 0 0 0 0 0 0 0 0 0 0 0 0 0 0 0 0
0 0 -0.132653 1 1123 1415 10 0 0.183486 3 1 0 0 0 0;
8, 70 0 0.6 0.6 0.9 1 0.9 0.9 0.9 0.8 0.9 6 4 32 12 1 1 1 2 0 1 1
1 1 1 1 1 1 1 65 0 0 0 0 0 0 0 0 0 0 0 0 0 0 0 0 0 0 0 0 0 0 0 0 0
0 0 0 0 0 0 -0.142857 0 0 0 0 0 0 0 0 0 0 0 0 0 0 0 0 0 0 0 0 0 0 0
0 0 0 0 0 0 0 -0.132653 1 1123 1415 10 0 0.183486 3 2 0 0 0 0;
9, 70 0 0.6 0.6 0.9 1 0.9 0.9 0.9 0.8 0.9 6 4 32 12 1 1 1 2 0 1 1
1 1 1 1 1 1 1 65 0 87 0 0 0 95 0 0 0 0 0 0 0 0 0 0 0 0 0 0 0 0 0 0
0 0 0 0 0 0 0 -0.142857 0 -0.132653 0 0 0 0.0510204 0 0 0 0 0 0 0 0
0 0 0 0 0 0 0 0 0 0 0 0 0 0 0 0 -0.132653 1 1123 1415 10 0 0.183486
3 2 0 0 0 0;
10, 70 0 0.6 0.6 0.9 1 0.9 0.9 0.9 0.8 0.9 6 4 32 12 1 1 1 2 0 1 1
1 1 1 1 1 1 1 65 0 87 0 0 0 95 0 0 0 0 0 0 0 0 0 80 0 73 0 0 0 0 0
0 0 0 0 0 0 0 0 -0.142857 0 -0.132653 0 0 0 0.0510204 0 0 0 0 0 0 0
0 0 -0.377551 0 -0.377551 0 0 0 0 0 0 0 0 0 0 0 0 -0.132653 1 1123
1415 10 0 0.183486 3 2 0 0 0 0;
11, 70 0 0.6 0.6 0.9 1 0.9 0.9 0.9 0.8 0.9 6 4 32 12 1 1 1 2 0 1 1
1 1 1 1 1 1 1 65 0 87 0 0 0 95 0 0 0 0 0 0 0 0 0 80 0 73 0 0 0 95 0
0 0 0 0 0 0 0 0 -0.142857 0 -0.132653 0 0 0 0.0510204 0 0 0 0 0 0 0
0 0 -0.377551 0 -0.377551 0 0 0 -0.183673 0 0 0 0 0 0 0 0 -0.132653
1 1123 1415 10 0 0.183486 3 2 0 0 0 0;
12, 70 0 0.6 0.6 0.9 1 0.9 0.9 0.9 0.8 0.9 6 4 32 12 1 1 1 2 0 1 1
1 1 1 1 1 1 1 40 0 62 0 0 0 98 0 0 0 0 0 0 0 0 0 80 0 73 0 0 0 95 0
0 0 0 0 0 0 0 0 -0.326531 0 -0.204082 0 0 0 -0.0510204 0 0 0 0 0 0
0 0 0 -0.377551 0 -0.377551 0 0 0 -0.183673 0 0 0 0 0 0 0 0 -0.132653
1 1123 1415 10 0 0.183486 3 2 0 0 0 0;
13, 70 0 0.6 0.6 0.9 1 0.9 0.9 0.9 0.8 0.9 6 4 32 12 1 1 1 2 0 1 1
1 1 1 1 1 1 1 40 0 62 0 0 0 98 0 0 0 0 0 0 0 0 0 60 0 73 0 0 0 95 0
0 0 0 0 0 0 0 0 -0.326531 0 -0.204082 0 0 0 -0.0510204 0 0 0 0 0 0
0 0 0 -0.397959 0 -0.377551 0 0 0 -0.183673 0 0 0 0 0 0 0 0 -0.132653
1 1123 1415 10 0 0.183486 3 2 0 0 0 0;
14, 70 0 0.6 0.6 0.9 1 0.9 0.9 0.9 0.8 0.9 6 4 32 12 1 1 1 2 0 1 1
1 1 1 1 1 1 1 40 0 62 0 0 0 98 0 0 0 0 0 0 0 0 0 60 0 85 0 0 0 103
0 0 86 0 0 0 0 0 0 -0.326531 0 -0.204082 0 0 0 -0.0510204 0 0 0 0 0
0 0 0 0 -0.397959 0 -0.408163 0 0 0 -0.204082 0 0 0.397959 0 0 0 0
0 -0.132653 1 1123 1415 10 0 0.183486 3 2 0 0 0 0;
15, 70 0 0.6 0.6 0.9 1 0.9 0.9 0.9 0.8 0.9 6 4 32 12 1 1 1 2 0 1 1
1 1 1 1 1 1 1 92 0 94 0 0 0 98 0 0 0 0 0 0 0 0 0 60 0 85 0 0 0 103
0 0 86 0 0 98 0 0 0 0.0306122 0 -0.142857 0 0 0 -0.0510204 0 0 0 0
0 0 0 0 0 -0.397959 0 -0.408163 0 0 0 -0.204082 0 0 0.397959 0 0 -0.214286
0 0 -0.132653 1 1123 1415 10 0 0.183486 3 2 0 0 0 0;
16, 70 0 0.6 0.6 0.9 1 0.9 0.9 0.9 0.8 0.9 6 4 32 12 1 1 1 2 0 1 1
1 1 1 1 1 1 1 92 0 94 0 0 0 100 0 0 0 0 0 0 0 0 0 60 0 85 0 0 0 103
0 0 86 0 0 98 0 0 0 0.0306122 0 -0.142857 0 0 0 -0.377551 0 0 0 0 0
0 0 0 0 -0.397959 0 -0.408163 0 0 0 -0.204082 0 0 0.397959 0 0 -0.214286
0 0 -0.132653 1 1123 1415 10 0 0.183486 3 2 0 0 0 0;
17, 70 0 0.6 0.6 0.9 1 0.9 0.9 0.9 0.8 0.9 6 4 32 12 1 1 1 2 0 1 1
1 1 1 1 1 1 1 92 0 94 0 0 0 100 0 0 0 0 0 0 0 0 74 60 0 92 0 0 0 85
0 0 86 0 0 98 0 0 0 0.0306122 0 -0.142857 0 0 0 -0.377551 0 0 0 0 0
0 0 0 0.306122 -0.397959 0 -0.397959 0 0 0 -0.255102 0 0 0.397959 0
0 -0.214286 0 0 -0.132653 1 1123 1415 10 0 0.183486 3 2 0 0 0 0;
18, 70 0 0.6 0.6 0.9 1 0.9 0.9 0.9 0.8 0.9 6 4 32 12 1 1 1 2 0 1 1
1 1 1 1 1 1 1 93 0 94 0 0 0 100 0 0 0 0 0 0 0 0 74 60 0 92 0 0 0 85
0 0 86 0 0 98 0 0 0 0.0408163 0 -0.142857 0 0 0 -0.377551 0 0 0 0 0
0 0 0 0.306122 -0.397959 0 -0.397959 0 0 0 -0.255102 0 0 0.397959 0
0 -0.214286 0 0 -0.132653 1 1123 1415 10 0 0.183486 3 2 0 0 0 0;
19, 70 0 0.6 0.6 0.9 1 0.9 0.9 0.9 0.8 0.9 6 4 32 12 1 1 1 2 0 1 1
1 1 1 1 1 1 1 93 0 92 0 0 0 80 0 0 100 0 0 0 0 0 74 60 0 92 0 0 0 85
0 0 86 0 0 98 0 0 0 0.0408163 0 0.0306122 0 0 0 0.0408163 0 0 0.112245
0 0 0 0 0 0.306122 -0.397959 0 -0.397959 0 0 0 -0.255102 0 0 0.397959
0 0 -0.214286 0 0 -0.132653 1 1123 1415 10 0 0.183486 3 2 0 0 0 0;
20, 70 0 0.6 0.6 0.9 1 0.9 0.9 0.9 0.8 0.9 6 4 32 12 1 1 1 2 0 1 1
1 1 1 1 1 1 1 93 0 92 0 0 0 80 0 0 100 0 0 81 0 0 74 91 0 92 0 0 0
85 0 0 86 0 0 98 0 0 0 0.0408163 0 0.0306122 0 0 0 0.0408163 0 0 0.112245
0 0 -0.244898 0 0 0.306122 -0.142857 0 -0.0204082 0 0 0 -0.255102 0
0 0.397959 0 0 -0.214286 0 0 -0.132653 1 1123 1415 10 0 0.183486 3
2 0 0 0 0;
21, 70 0 0.6 0.6 0.9 1 0.9 0.9 0.9 0.8 0.9 6 4 32 12 1 1 1 2 0 1 1
1 1 1 1 1 1 1 93 0 92 0 0 0 80 0 0 100 0 0 81 0 0 74 91 0 92 0 0 0
89 0 0 86 0 0 98 0 0 0 0.0408163 0 0.0306122 0 0 0 0.0408163 0 0 0.112245
0 0 -0.244898 0 0 0.306122 -0.142857 0 -0.0204082 0 0 0 -0.132653 0
0 0.397959 0 0 -0.214286 0 0 -0.132653 1 1123 1415 10 0 0.183486 3
2 0 0 0 0;
22, 70 0 0.6 0.6 0.9 1 0.9 0.9 0.9 0.8 0.9 6 4 32 12 1 1 1 2 0 1 1
1 1 1 1 1 1 1 95 0 91 0 0 0 88 0 0 100 0 0 81 0 0 74 91 0 92 0 0 0
89 0 0 86 0 0 98 0 0 0 -0.204082 0 -0.122449 0 0 0 0.122449 0 0 0.112245
0 0 -0.244898 0 0 0.306122 -0.142857 0 -0.0204082 0 0 0 -0.132653 0
0 0.397959 0 0 -0.214286 0 0 -0.132653 1 1123 1415 10 0 0.183486 3
2 0 0 0 0;
23, 70 0 0.6 0.6 0.9 1 0.9 0.9 0.9 0.8 0.9 6 4 32 12 1 1 1 2 0 1 1
1 1 1 1 1 1 1 95 0 91 0 0 0 88 0 0 100 0 0 81 0 0 74 95 0 92 0 0 0
89 0 0 86 0 0 98 0 0 0 -0.204082 0 -0.122449 0 0 0 0.122449 0 0 0.112245
0 0 -0.244898 0 0 0.306122 -0.397959 0 -0.0204082 0 0 0 -0.132653 0
0 0.397959 0 0 -0.214286 0 0 -0.132653 1 1123 1415 10 0 0.183486 3
2 0 0 0 0;
24, 70 0 0.6 0.6 0.9 1 0.9 0.9 0.9 0.8 0.9 6 4 32 12 1 1 1 2 0 1 1
1 1 1 1 1 1 1 95 0 91 0 0 0 88 0 0 100 0 0 81 0 0 74 95 0 102 0 0 0
84 0 0 86 0 0 98 0 0 0 -0.204082 0 -0.122449 0 0 0 0.122449 0 0 0.112245
0 0 -0.244898 0 0 0.306122 -0.397959 0 -0.163265 0 0 0 -0.285714 0
0 0.397959 0 0 -0.214286 0 0 -0.132653 1 1123 1415 10 0 0.183486 3
2 0 0 0 0;
25, 70 0 0.6 0.6 0.9 1 0.9 0.9 0.9 0.8 0.9 6 4 32 12 1 1 1 2 0 1 1
1 1 1 1 1 1 1 96 0 91 0 0 0 88 0 0 100 0 0 81 0 0 74 95 0 102 0 0 0
84 0 0 86 0 0 98 0 0 0 -0.0510204 0 -0.244898 0 0 0 0.122449 0 0 0.112245
0 0 -0.244898 0 0 0.306122 -0.397959 0 -0.163265 0 0 0 -0.285714 0
0 0.397959 0 0 -0.214286 0 0 -0.132653 1 1123 1415 10 0 0.183486 3
2 0 0 0 0;
26, 70 0 0.6 0.6 0.9 1 0.9 0.9 0.9 0.8 0.9 6 4 32 12 1 1 1 2 0 1 1
1 1 1 1 1 1 1 96 0 91 0 0 0 95 0 0 96 0 0 57 0 0 74 95 0 102 0 0 0
84 0 0 86 0 0 98 0 0 0 -0.0510204 0 -0.244898 0 0 0 -0.346939 0 0 -0.295918
0 0 -0.408163 0 0 0.306122 -0.397959 0 -0.163265 0 0 0 -0.285714 0
0 0.397959 0 0 -0.214286 0 0 -0.132653 1 1123 1415 10 0 0.183486 3
2 0 0 0 0;
27, 70 0 0.6 0.6 0.9 1 0.9 0.9 0.9 0.8 0.9 6 4 32 12 1 1 1 2 0 1 1
1 1 1 1 1 1 1 96 0 91 0 0 0 95 0 0 96 0 0 57 0 0 74 38 0 99 0 0 0 88
0 0 86 0 0 98 0 0 0 -0.0510204 0 -0.244898 0 0 0 -0.346939 0 0 -0.295918
0 0 -0.408163 0 0 0.306122 -0.255102 0 -0.0612245 0 0 0 -0.183673 0
0 0.397959 0 0 -0.214286 0 0 -0.132653 1 1123 1415 10 0 0.183486 3
2 0 0 0 0;
28, 70 0 0.6 0.6 0.9 1 0.9 0.9 0.9 0.8 0.9 6 4 32 12 1 1 1 2 0 1 1
1 1 1 1 1 1 1 77 0 91 0 0 0 95 0 0 96 0 0 57 0 0 74 38 0 99 0 0 0 88
0 0 86 0 0 98 0 0 0 -0.316327 0 -0.244898 0 0 0 -0.346939 0 0 -0.295918
0 0 -0.408163 0 0 0.306122 -0.255102 0 -0.0612245 0 0 0 -0.183673 0
0 0.397959 0 0 -0.214286 0 0 -0.132653 1 1123 1415 10 0 0.183486 3
2 0 0 0 0;
29, 70 0 0.6 0.6 0.9 1 0.9 0.9 0.9 0.8 0.9 6 4 32 12 1 1 1 2 0 1 1
1 1 1 1 1 1 1 77 0 90 0 0 0 87 0 0 96 0 0 57 0 0 74 38 0 99 0 0 0 88
0 0 86 0 0 98 0 0 0 -0.316327 0 -0.285714 0 0 0 -0.204082 0 0 -0.295918
0 0 -0.408163 0 0 0.306122 -0.255102 0 -0.0612245 0 0 0 -0.183673 0
0 0.397959 0 0 -0.214286 0 0 -0.132653 1 1123 1415 10 0 0.183486 3
2 0 0 0 0;
30, 70 0 0.6 0.6 0.9 1 0.9 0.9 0.9 0.8 0.9 6 4 32 12 1 1 1 2 0 1 1
1 1 1 1 1 1 1 77 0 90 0 0 0 87 0 0 96 0 0 57 0 0 74 79 0 87 0 0 0 88
0 0 86 0 0 98 0 0 0 -0.316327 0 -0.285714 0 0 0 -0.204082 0 0 -0.295918
0 0 -0.408163 0 0 0.306122 -0.367347 0 -0.27551 0 0 0 -0.183673 0 0
0.397959 0 0 -0.214286 0 0 -0.132653 1 1123 1415 10 0 0.183486 3 2
0 0 0 0;
31, 70 0 0.6 0.6 0.9 1 0.9 0.9 0.9 0.8 0.9 6 4 32 12 1 1 1 2 0 1 1
1 1 1 1 1 1 1 77 0 90 0 0 0 87 0 0 96 0 0 57 0 0 74 79 0 87 0 0 0 94
0 0 86 0 0 98 0 0 0 -0.316327 0 -0.285714 0 0 0 -0.204082 0 0 -0.295918
0 0 -0.408163 0 0 0.306122 -0.367347 0 -0.27551 0 0 0 -0.234694 0 0
0.397959 0 0 -0.214286 0 0 -0.132653 1 1123 1415 10 0 0.183486 3 2
0 0 0 0;
32, 70 0 0.6 0.6 0.9 1 0.9 0.9 0.9 0.8 0.9 6 4 32 12 1 1 1 2 0 1 1
1 1 1 1 1 1 1 95 0 95 0 0 0 67 0 0 96 0 0 57 0 0 74 79 0 87 0 0 0 94
0 0 86 0 0 98 0 0 0 -0.316327 0 -0.214286 0 0 0 -0.326531 0 0 -0.295918
0 0 -0.408163 0 0 0.306122 -0.367347 0 -0.27551 0 0 0 -0.234694 0 0
0.397959 0 0 -0.214286 0 0 -0.132653 1 1123 1415 10 0 0.183486 3 2
0 0 0 0;
33, 70 0 0.6 0.6 0.9 1 0.9 0.9 0.9 0.8 0.9 6 4 32 12 1 1 1 2 0 1 1
1 1 1 1 1 1 1 95 0 95 0 0 0 67 0 0 100 0 0 60 0 0 74 80 0 87 0 0 0
94 0 0 86 0 0 98 0 0 0 -0.316327 0 -0.214286 0 0 0 -0.326531 0 0 -0.132653
0 0 -0.0816327 0 0 0.306122 -0.204082 0 -0.27551 0 0 0 -0.234694 0
0 0.397959 0 0 -0.214286 0 0 -0.132653 1 1123 1415 10 0 0.183486 3
2 0 0 0 0;
34, 70 0 0.6 0.6 0.9 1 0.9 0.9 0.9 0.8 0.9 6 4 32 12 1 1 1 2 0 1 1
1 1 1 1 1 1 1 95 0 95 0 0 0 67 0 0 100 0 0 60 0 0 74 80 0 96 0 0 0
107 0 0 86 0 0 98 0 0 0 -0.316327 0 -0.214286 0 0 0 -0.326531 0 0 -0.132653
0 0 -0.0816327 0 0 0.306122 -0.204082 0 -0.122449 0 0 0 -0.0306122
0 0 0.397959 0 0 -0.214286 0 0 -0.132653 1 1123 1415 10 0 0.183486
3 2 0 0 0 0;
35, 70 0 0.6 0.6 0.9 1 0.9 0.9 0.9 0.8 0.9 6 4 32 12 1 1 1 2 0 1 1
1 1 1 1 1 1 1 78 0 55 0 0 0 67 0 0 100 0 0 60 0 0 74 80 0 96 0 0 0
107 0 0 86 0 0 98 0 0 0 -0.0306122 0 -0.0816327 0 0 0 -0.326531 0 0
-0.132653 0 0 -0.0816327 0 0 0.306122 -0.204082 0 -0.122449 0 0 0 -0.0306122
0 0 0.397959 0 0 -0.214286 0 0 -0.132653 1 1123 1415 10 0 0.183486
3 2 0 0 0 0;
36, 70 0 0.6 0.6 0.9 1 0.9 0.9 0.9 0.8 0.9 6 4 32 12 1 1 1 2 0 1 1
1 1 1 1 1 1 1 78 0 55 0 0 0 83 44 0 100 0 0 60 0 0 74 80 0 96 0 0 0
107 0 0 86 0 0 98 0 0 0 -0.0306122 0 -0.0816327 0 0 0 -0.0306122 0.132653
0 -0.132653 0 0 -0.0816327 0 0 0.306122 -0.204082 0 -0.122449 0 0 0
-0.0306122 0 0 0.397959 0 0 -0.214286 0 0 -0.132653 1 1123 1415 10
0 0.183486 3 2 0 0 0 0;
37, 70 0 0.6 0.6 0.9 1 0.9 0.9 0.9 0.8 0.9 6 4 32 12 1 1 1 2 0 1 1
1 1 1 1 1 1 1 78 0 55 0 0 0 83 44 0 100 0 0 60 0 0 74 96 0 104 0 0
0 114 0 0 86 0 0 98 0 0 0 -0.0306122 0 -0.0816327 0 0 0 -0.0306122
0.132653 0 -0.132653 0 0 -0.0816327 0 0 0.306122 -0.0918367 0 0.214286
0 0 0 0.0204082 0 0 0.397959 0 0 -0.214286 0 0 -0.132653 1 1123 1415
10 0 0.183486 3 2 0 0 0 0;
38, 70 0 0.6 0.6 0.9 1 0.9 0.9 0.9 0.8 0.9 6 4 32 12 1 1 1 2 0 1 1
1 1 1 1 1 1 1 87 0 83 0 0 0 83 44 0 100 0 0 60 0 0 74 96 0 104 0 0
0 114 0 0 86 0 0 98 0 0 0 0.0102041 0 -0.0306122 0 0 0 -0.0306122 0.132653
0 -0.132653 0 0 -0.0816327 0 0 0.306122 -0.0918367 0 0.214286 0 0 0
0.0204082 0 0 0.397959 0 0 -0.214286 0 0 -0.132653 1 1123 1415 10 0
0.183486 3 2 0 0 0 0;
39, 70 0 0.6 0.6 0.9 1 0.9 0.9 0.9 0.8 0.9 6 4 32 12 1 1 1 2 0 1 1
1 1 1 1 1 1 1 87 0 83 0 0 0 104 44 0 92 0 0 102 0 0 74 96 0 104 0 0
0 114 0 0 86 0 0 98 0 0 0 0.0102041 0 -0.0306122 0 0 0 -0.183673 0.132653
0 -0.0204082 0 0 -0.0408163 0 0 0.306122 -0.0918367 0 0.214286 0 0
0 0.0204082 0 0 0.397959 0 0 -0.214286 0 0 -0.132653 1 1123 1415 10
0 0.183486 3 2 0 0 0 0;
40, 70 0 0.6 0.6 0.9 1 0.9 0.9 0.9 0.8 0.9 6 4 32 12 1 1 1 2 0 1 1
1 1 1 1 1 1 1 87 0 83 0 0 0 104 44 0 92 0 0 102 0 0 74 96 0 91 0 0
0 92 0 0 86 0 0 98 0 0 0 0.0102041 0 -0.0306122 0 0 0 -0.183673 0.132653
0 -0.0204082 0 0 -0.0408163 0 0 0.306122 0.0204082 0 0.234694 0 0 0
0.0102041 0 0 0.397959 0 0 -0.214286 0 0 -0.132653 1 1123 1415 10 0
0.183486 3 2 0 0 0 0;
41, 70 0 0.6 0.6 0.9 1 0.9 0.9 0.9 0.8 0.9 6 4 32 12 1 1 1 2 0 1 1
1 1 1 1 1 1 1 87 0 83 0 0 0 104 44 0 92 0 0 102 0 0 74 96 0 91 0 0
0 92 0 0 86 0 0 98 0 0 0 0.0102041 0 -0.0306122 0 0 0 -0.183673 0.132653
0 -0.0204082 0 0 -0.0408163 0 0 0.306122 0.0204082 0 0.234694 0 0 0
0.0102041 0 0 0.397959 0 0 -0.214286 0 0 -0.132653 1 1123 1415 10 0
0.183486 3 2 0 0 0 0;
42, 70 0 0.6 0.6 0.9 1 0.9 0.9 0.9 0.8 0.9 6 4 32 12 1 1 1 2 0 1 1
1 1 1 1 1 1 1 95 0 83 0 0 0 104 44 0 92 0 0 102 0 0 74 96 0 91 0 0
0 92 0 0 86 0 0 98 0 0 0 -0.173469 0 -0.0306122 0 0 0 -0.183673 0.132653
0 -0.0204082 0 0 -0.0408163 0 0 0.306122 0.0204082 0 0.234694 0 0 0
0.0102041 0 0 0.397959 0 0 -0.214286 0 0 -0.132653 1 1123 1415 10 0
0.183486 3 2 0 0 0 0;
43, 70 0 0.6 0.6 0.9 1 0.9 0.9 0.9 0.8 0.9 6 4 32 12 1 1 1 2 0 1 1
1 1 1 1 1 1 1 102 0 83 0 0 0 104 44 0 92 0 0 102 0 0 74 96 0 91 0 0
0 92 0 0 86 0 0 98 0 0 0 0.244898 0 -0.0306122 0 0 0 -0.183673 0.132653
0 -0.0204082 0 0 -0.0408163 0 0 0.306122 0.0204082 0 0.234694 0 0 0
0.0102041 0 0 0.397959 0 0 -0.214286 0 0 -0.132653 1 1123 1415 10 0
0.183486 3 2 0 0 0 0;
44, 70 0 0.6 0.6 0.9 1 0.9 0.9 0.9 0.8 0.9 6 4 32 12 1 1 1 2 0 1 1
1 1 1 1 1 1 1 102 0 83 0 0 0 104 44 0 92 0 0 102 0 0 74 96 0 91 0 0
0 92 0 0 86 0 0 98 0 0 0 0.244898 0 -0.0306122 0 0 0 -0.183673 0.132653
0 -0.0204082 0 0 -0.0408163 0 0 0.306122 0.0204082 0 0.234694 0 0 0
0.0102041 0 0 0.397959 0 0 -0.214286 0 0 -0.132653 1 1123 1415 10 0
0.183486 3 2 0 0 0 0;
45, 70 0 0.6 0.6 0.9 1 0.9 0.9 0.9 0.8 0.9 6 4 32 12 1 1 1 2 0 1 1
1 1 1 1 1 1 1 102 0 83 0 0 0 104 44 0 92 0 0 102 0 0 74 96 0 91 0 0
0 92 0 0 86 0 0 98 0 0 0 0.244898 0 -0.0306122 0 0 0 -0.183673 0.132653
0 -0.0204082 0 0 -0.0408163 0 0 0.306122 0.0204082 0 0.234694 0 0 0
0.0102041 0 0 0.397959 0 0 -0.214286 0 0 -0.132653 1 1123 1415 10 0
0.183486 3 2 0 0 0 0;
46, 70 0 0.6 0.6 0.9 1 0.9 0.9 0.9 0.8 0.9 6 4 32 12 1 1 1 2 0 1 1
1 1 1 1 1 1 1 102 0 83 0 0 0 104 44 0 92 0 0 102 0 0 74 96 0 91 0 0
0 92 0 0 86 0 0 98 0 0 0 0.244898 0 -0.0306122 0 0 0 -0.183673 0.132653
0 -0.0204082 0 0 -0.0408163 0 0 0.306122 0.0204082 0 0.234694 0 0 0
0.0102041 0 0 0.397959 0 0 -0.214286 0 0 -0.132653 1 1123 1415 10 0
0.183486 3 2 0 0 0 0;
47, 70 0 0.6 0.6 0.9 1 0.9 0.9 0.9 0.8 0.9 6 4 32 12 1 1 1 2 0 1 1
1 1 1 1 1 1 1 102 0 83 0 0 0 104 44 0 92 0 0 102 0 0 74 96 0 91 0 0
0 92 0 0 86 0 0 98 0 0 0 0.244898 0 -0.0306122 0 0 0 -0.183673 0.132653
0 -0.0204082 0 0 -0.0408163 0 0 0.306122 0.0204082 0 0.234694 0 0 0
0.0102041 0 0 0.397959 0 0 -0.214286 0 0 -0.132653 1 1123 1415 10 0
0.183486 3 2 1 0 0 0;
48, 70 0 0.6 0.6 0.9 1 0.9 0.9 0.9 0.8 0.9 6 4 32 12 1 1 1 2 0 1 1
1 1 1 1 1 1 1 102 0 83 0 0 0 104 44 0 92 0 0 102 0 0 74 96 0 91 0 0
0 92 0 0 86 0 0 98 0 0 0 0.244898 0 -0.0306122 0 0 0 -0.183673 0.132653
0 -0.0204082 0 0 -0.0408163 0 0 0.306122 0.0204082 0 0.234694 0 0 0
0.0102041 0 0 0.397959 0 0 -0.214286 0 0 -0.132653 1 1123 1415 10 0
0.183486 3 2 2 0 0 0;
