0, 119 0 0.4 0.5 0.8 1 1 1 1 1 1 6 2 32 32 0 0 0 0 0 2.74468 0.702128
2.68085 0 1.40426 1.7234 1.7234 0.893617 1.40426 0 0 0 0 0 0 0 0 0
0 0 0 0 0 0 0 0 0 0 0 0 0 0 0 0 0 0 0 0 0 0 0 0 0 0 0 0 0 0 0 0 0 0
0 0 0 0 0 0 0 0 0 0 0 0 0 0 0 0 0 0 0 0 0 1 1123 1415 10 0.1 0.1 3
2 0 0 0 0;
1, 70 0 0.4 0.5 0.8 1 1 1 1 1 1 6 2 32 32 0 0 0 0 0 2.74468 0.702128
2.68085 0 1.40426 1.7234 1.7234 0.893617 1.40426 0 0 0 0 0 0 0 0 0
0 0 0 0 0 0 0 0 0 0 0 0 0 0 0 0 0 0 0 0 0 0 0 0 0 0 0 0 0 0 0 0 0 0
0 0 0 0 0 0 0 0 0 0 0 0 0 0 0 0 0 0 0 0 0 1 1123 1415 10 0.1 0.1 3
2 0 0 0 0;
2, 70 0 0.4 0.851064 0.8 1 1 1 1 1 1 9 6 32 32 0 0 0 0 0 2.93617 0.702128
2.68085 0 1.40426 1.7234 1.7234 0.893617 1.40426 57.5469 0 25.7969
0 101.203 0 19.8438 0 61.5156 0 15.875 0 101.203 0 15.875 0 53.5781
0 13.8906 0 15.875 27.7812 43.6562 0 53.5781 0 9.92188 0 91.2812 0
13.8906 0 0 0 0 0 0 0 0 0 0 0 0 0 0 0 0 0 0 0 0 0 0 0 0 0 0 0 0 0 0
0 0 0 1 1123 1415 10 0.1 0.1 3 2 0 0 0 0;
3, 70 0 0.4 0.851064 0.8 1 1 1 1 1 1 9 6 32 32 0 0 0 0 0 2.93617 0.702128
2.68085 0 1.40426 1.7234 1.7234 0.893617 1.40426 57.5469 0 25.7969
0 101.203 0 19.8438 0 61.5156 0 15.875 0 101.203 0 15.875 0 53.5781
0 13.8906 0 15.875 27.7812 43.6562 0 53.5781 0 9.92188 0 91.2812 29.7656
13.8906 35.7188 0 0 0 0 0 0 0 0 0 0 0 0 0 0 0 0 0 0 0 0 0 0 0 0 0 0
0 0 0 0 0 0 1 1123 1415 10 0.1 0.1 3 2 0 0 0 0;
4, 70 0 0.4 0.851064 0.8 1 1 1 1 1 1 9 6 32 32 0 0 0 0 0 2.93617 0.702128
2.68085 0 1.40426 1.7234 1.7234 0.893617 1.40426 57.5469 0 25.7969
0 101.203 0 19.8438 0 61.5156 0 15.875 0 101.203 0 15.875 0 53.5781
0 13.8906 0 15.875 27.7812 43.6562 0 53.5781 0 9.92188 0 91.2812 29.7656
13.8906 35.7188 0 0 0 0 0 0 0 0 0 0 0 0 0 0 0 0 0 0 0 0 0 0 0 0 0 0
0 0 0 0 0 0 1 1123 1415 10 0.1 0.1 3 2 0 0 0 0;
5, 120 0 0.4 0.851064 0.8 0.9 1 1 1 1 1 9 5 0 0 2 2 2 0 8 2.93617
0.702128 2.68085 3 3 3 3 0.893617 1.40426 57.5469 0 25.7969 0 101.203
0 19.8438 0 61.5156 0 15.875 0 101.203 0 15.875 0 53.5781 0 13.8906
0 15.875 27.7812 43.6562 0 53.5781 0 9.92188 0 91.2812 0 13.8906 0
0 0 0 0 0 0 0 0 0 0 0 0 0 0 0 0 0 0 0 0 0 0 0 0 0 0 0 0 0 0 0 0 1 1123
1415 10 0.1 0 3 2 0 0 0 0;
6, 120 0 0.4 0.851064 0.8 0.9 1 1 1 1 1 9 5 11 0 2 2 2 0 8 2.93617
0.702128 2.68085 3 3 3 3 0.893617 1.40426 57.5469 0 25.7969 0 101.203
0 19.8438 0 61.5156 0 15.875 0 101.203 0 15.875 0 53.5781 0 13.8906
0 15.875 27.7812 43.6562 0 53.5781 0 9.92188 0 91.2812 0 13.8906 0
0 0 0 0 0 0 0 0 0 0 0 0 0 0 0 0 0 0 0 0 0 0 0 0 0 0 0 0 0 0 0 0 1 1123
1415 10 0.1 0 3 2 0 0 0 0;
7, 120 0 0.4 0.851064 0.8 1 1 1 1 1 1 9 6 32 32 0 0 0 0 0 2.93617
0.702128 2.68085 0 1.40426 1.7234 1.7234 0.893617 1.40426 94.4129 0
42.323 0 166.036 0 32.5562 0 100.924 0 26.0449 0 166.036 0 26.0449
0 87.9016 0 22.7893 0 26.0449 45.5785 71.6235 0 87.9016 0 16.2781 0
149.758 0 22.7893 0 0 0 0 0 0 0 0 0 0 0 0 0 0 0 0 0 0 0 0 0 0 0 0 0
0 0 0 0 0 0 0 0 1.64062 1123 1415 10 0.1 0 3 2 0 0 0 0;
8, 120 0 0.4 0.851064 0.8 1 1 1 1 1 0.8 9 6 0 0 0 0 0 0 28 2.93617
0.702128 2.68085 0 1.40426 1.7234 1.7234 0.893617 1.40426 94.4129 0
42.323 0 166.036 0 32.5562 0 100.924 0 26.0449 0 166.036 0 26.0449
0 87.9016 0 22.7893 0 26.0449 45.5785 71.6235 0 87.9016 0 16.2781 0
149.758 0 22.7893 0 0 0 0 0 0 0 0 0 0 0 0 0 0 0 0 0 0 0 0 0 0 0 0 0
0 0 0 0 0 0 0 0 1.64062 1123 1415 10 0.1 0 3 2 0 0 0 0;
9, 120 0 0.4 0.851064 0.8 1 1 1 1 1 0.8 9 6 32 0 0 0 0 0 0 2.93617
0.702128 2.68085 3 1.40426 1.7234 1.7234 0.893617 1.40426 94.4129 0
42.323 0 166.036 0 32.5562 0 100.924 0 26.0449 0 166.036 0 26.0449
0 87.9016 0 22.7893 0 26.0449 45.5785 71.6235 0 87.9016 31.75 16.2781
25.7969 149.758 41.6719 22.7893 37.7031 0 0 0 0 0 0 0 0 0 0 0 0 0 0
0 0 0 0 0 0 0 0 0 0 0 0 0 0 0 0 0 0 1.09687 1123 1415 10 0.1 0 3 2
0 0 0 0;
10, 120 0 0.4 0.851064 0.8 1 1 1 1 1 0.8 9 6 32 3 0 0 0 0 0 2.93617
0.702128 2.68085 3 1.40426 1.7234 1.7234 0.893617 1.40426 94.4129 0
42.323 0 166.036 0 32.5562 0 100.924 0 26.0449 0 166.036 0 26.0449
0 87.9016 0 22.7893 0 26.0449 45.5785 71.6235 0 87.9016 31.75 16.2781
25.7969 149.758 41.6719 22.7893 37.7031 0 0 0 0 0 0 0 0 0 0 0 0 0 0
0 0 0 0 0 0 0 0 0 0 0 0 0 0 0 0 0 0 1.09687 1123 1415 10 0.1 0 3 2
0 0 0 0;
11, 120 0 0.4 0.851064 0.8 1 1 1 1 1 0.8 9 6 32 6 0 0 0 0 0 2.93617
0.702128 2.68085 3 1.40426 1.7234 1.7234 0.893617 1.40426 94.4129 0
42.323 0 166.036 0 32.5562 0 100.924 0 26.0449 0 166.036 0 26.0449
0 87.9016 0 22.7893 0 26.0449 45.5785 71.6235 0 87.9016 31.75 16.2781
25.7969 149.758 41.6719 22.7893 37.7031 0 0 0 0 0 0 0 0 0 0 0 0 0 0
0 0 0 0 0 0 0 0 0 0 0 0 0 0 0 0 0 0 1.09687 1123 1415 10 0.1 0 3 2
0 0 0 0;
12, 120 0 0.4 0.851064 0.8 1 1 1 1 1 0.8 4 9 32 6 0 0 0 0 0 3 0.702128
2.68085 3 1.40426 1.7234 1.7234 0.893617 1.40426 94.4129 0 42.323 0
166.036 0 32.5562 0 100.924 0 26.0449 0 166.036 0 26.0449 0 87.9016
0 22.7893 0 26.0449 45.5785 71.6235 0 87.9016 31.75 16.2781 25.7969
149.758 41.6719 22.7893 37.7031 0 0 0 0 0 0 0 0 0 0 0 0 0 0 0 0 0 0
0 0 0 0 0 0 0 0 0 0 0 0 0 0 1.09687 1123 1415 10 0.1 0 3 2 0 0 0 0
;
13, 120 0 0.4 0.851064 0.8 1 1 1 1 1 0.8 4 9 32 6 0 0 0 0 0 3 0.702128
2.68085 3 1.40426 1.7234 1.7234 0.893617 1.40426 94.4129 0 42.323 0
166.036 0 32.5562 0 100.924 0 26.0449 0 166.036 0 26.0449 0 87.9016
0 22.7893 0 26.0449 45.5785 71.6235 0 87.9016 31.75 16.2781 25.7969
149.758 41.6719 22.7893 37.7031 0 0 0 0 0 0 0 0 0 0 0 0 0 0 0 0 0 0
0 0 0 0 0 0 0 0 0 0 0 0 0 0 1.09687 1123 1415 10 0.1 0 3 2 0 0 0 0
;
14, 120 0 0.4 1 0.8 1 1 1 1 1 0.8 4 26 32 6 0 0 0 0 0 3 0.702128 2.68085
3 1.40426 1.7234 1.7234 0.893617 1.40426 94.4129 0 42.323 0 166.036
0 32.5562 0 100.924 0 26.0449 0 166.036 0 26.0449 0 87.9016 0 22.7893
0 26.0449 45.5785 71.6235 0 87.9016 31.75 16.2781 25.7969 149.758 41.6719
22.7893 37.7031 0 0 0 0 0 0 0 0 0 0 0 0 0 0 0 0 0 0 0 0 0 0 0 0 0 0
0 0 0 0 0 0 1.09687 1123 1415 10 0.1 0 3 2 0 0 0 0;
15, 120 0 0.4 1 0.8 0.9 1 1 1 1 0.8 0 26 0 0 0 0 0 0 2 3 0.702128
2.68085 3 1.40426 1.7234 1.7234 0.893617 1.40426 94.4129 0 42.323 0
166.036 0 32.5562 0 100.924 0 26.0449 0 166.036 0 26.0449 0 87.9016
0 22.7893 0 26.0449 45.5785 71.6235 0 87.9016 31.75 16.2781 25.7969
149.758 41.6719 22.7893 37.7031 0 0 0 0 0 0 0 0 0 0 0 0 0 0 0 0 0 0
0 0 0 0 0 0 0 0 0 0 0 0 0 0 1.09687 1123 1415 10 0.1 0 3 2 0 0 0 0
;
16, 120 0 0.4 1 0.8 0.9 1 1 1 1 0.8 0 26 0 0 0 0 0 0 2 3 0.702128
2.68085 3 1.40426 1.7234 1.7234 0.893617 1.40426 141.216 0 63.3037
0 248.345 0 48.6952 0 150.955 0 38.9561 0 248.345 0 38.9561 0 131.477
0 34.0865 0 38.9561 68.173 107.129 0 131.477 47.4893 24.3476 38.5851
223.997 62.3297 34.0865 56.3936 0 0 0 0 0 0 0 0 0 0 0 0 0 0 0 0 0 0
0 0 0 0 0 0 0 0 0 0 0 0 0 0 1.64062 1123 1415 10 0.1 0 3 2 0 0 0 0
;
17, 120 0 0.4 1 0.8 0.9 1 1 1 1 0.8 6 26 0 0 0 0 0 0 2 3 0.702128
2.68085 3 1.40426 1.7234 1.7234 0.893617 1.40426 141.216 0 63.3037
0 248.345 0 48.6952 0 150.955 0 38.9561 0 248.345 0 38.9561 0 131.477
0 34.0865 0 38.9561 68.173 107.129 0 131.477 47.4893 24.3476 38.5851
223.997 62.3297 34.0865 56.3936 0 0 0 0 0 0 0 0 0 0 0 0 0 0 0 0 0 0
0 0 0 0 0 0 0 0 0 0 0 0 0 0 1.64062 1123 1415 10 0.1 0 3 2 0 0 0 0
;
18, 120 0 0.4 1 0.8 0.9 1 1 1 1 0.8 7 4 0 0 0 0 0 0 2 3 0.702128 2.68085
3 1.40426 1.7234 1.7234 0.893617 1.40426 141.216 0 63.3037 0 248.345
0 48.6952 0 150.955 0 38.9561 0 248.345 0 38.9561 0 131.477 0 34.0865
0 38.9561 68.173 107.129 0 131.477 47.4893 24.3476 38.5851 223.997
62.3297 34.0865 56.3936 0 0 0 0 0 0 0 0 0 0 0 0 0 0 0 0 0 0 0 0 0 0
0 0 0 0 0 0 0 0 0 0 1.64062 1123 1415 10 0.1 0 3 2 0 0 0 0;
19, 120 0 0.4 1 0.8 0.9 1 1 1 1 0.8 7 4 12 0 0 0 0 0 2 3 0.702128
2.68085 3 1.40426 1.7234 1.7234 0.893617 1.40426 141.216 0 63.3037
0 248.345 0 48.6952 0 150.955 0 38.9561 0 248.345 0 38.9561 0 131.477
0 34.0865 0 38.9561 68.173 107.129 0 131.477 47.4893 24.3476 38.5851
223.997 62.3297 34.0865 56.3936 0 0 0 0 0 0 0 0 0 0 0 0 0 0 0 0 0 0
0 0 0 0 0 0 0 0 0 0 0 0 0 0 1.64062 1123 1415 10 0.1 0 3 2 0 0 0 0
;
20, 70 0 0.4 1 0.8 0.9 1 1 1 1 0.8 7 4 12 0 0 0 0 0 2 3 0.702128 2.68085
3 1.40426 1.7234 1.7234 0.893617 1.40426 141.216 0 63.3037 0 248.345
0 48.6952 0 150.955 0 38.9561 0 248.345 0 38.9561 0 131.477 0 34.0865
0 38.9561 68.173 107.129 0 131.477 47.4893 24.3476 38.5851 223.997
62.3297 34.0865 56.3936 0 0 0 0 0 0 0 0 0 0 0 0 0 0 0 0 0 0 0 0 0 0
0 0 0 0 0 0 0 0 0 0 1.64062 1123 1415 10 0.1 0 3 2 0 0 0 0;
21, 110 0 0.4 1 0.8 0.9 1 1 1 1 0.8 7 4 12 0 0 0 0 0 2 3 0.702128
2.68085 3 1.40426 1.7234 1.7234 0.893617 1.40426 141.216 0 63.3037
0 248.345 0 48.6952 0 150.955 0 38.9561 0 248.345 0 38.9561 0 131.477
0 34.0865 0 38.9561 68.173 107.129 0 131.477 47.4893 24.3476 38.5851
223.997 62.3297 34.0865 56.3936 0 0 0 0 0 0 0 0 0 0 0 0 0 0 0 0 0 0
0 0 0 0 0 0 0 0 0 0 0 0 0 0 1.64062 1123 1415 10 0.1 0 3 2 0 0 0 0
;
22, 110 0 0.4 0.5 0.8 0.8 1 1 1 1 0.8 7 12 12 12 6 6 6 6 6 1 0.702128
1 1 3 3 3 0.893617 1.40426 82.7125 0 37.078 0 145.46 0 28.5216 0 88.4168
0 22.8172 0 145.46 0 22.8172 0 77.0082 0 19.965 0 22.8172 39.93 62.7472
0 77.0082 27.8152 14.2608 22.5999 131.199 36.5075 19.965 33.0306 0
0 0 0 0 0 0 0 0 0 0 0 0 0 0 0 0 0 0 0 0 0 0 0 0 0 0 0 0 0 0 0 0.960938
1123 1415 10 0.1 0 3 2 0 0 0 0;
