0, 70 0 0.6 0.6 0.9 1 0.9 0.9 0.9 0.8 0.9 6 4 32 12 1 1 1 2 0 1 1
1 1 1 1 1 1 1 0 0 29.5451 88.6354 0 0 29.5451 0 0 29.5451 0 0 0 0 29.5451
88.6354 0 0 0 0 0 0 84.6667 0 0 127 0 0 127 0 0 0 0 0 0.0510204 0.142857
0 0 0.102041 0 0 0.112245 0 0 0 0 0.0306122 0.183673 0 0 0 0 0 0 -0.0204082
0 0 0.0408163 0 0 0.295918 0 0 0 2.09375 1123 1415 10 0.119266 0.183486
3 2;
1, 70 0 0.6 0.6 0.9 1 0.9 0.9 0.9 0.8 0.9 6 4 32 12 1 1 1 2 0 1 1
1 1 1 1 1 1 1 0 0 29.5451 88.6354 0 0 29.5451 0 0 29.5451 0 0 0 0 29.5451
88.6354 0 0 0 0 0 0 84.6667 0 0 127 0 0 127 0 0 0 0 0 0.0510204 0.142857
0 0 0.102041 0 0 0.112245 0 0 0 0 0.0306122 0.183673 0 0 0 0 0 0 -0.0204082
0 0 0.0408163 0 0 0.295918 0 0 0 2.09375 1123 1415 10 0.119266 0.183486
3 2;
2, 70 0 0.6 0.6 0.9 1 0.9 0.9 0.9 0.8 0.9 6 4 32 12 1 1 1 2 0 1 1
1 1 1 1 1 1 1 0 0 29.5451 88.6354 0 0 29.5451 0 0 29.5451 0 0 42.3333
42.3333 42.3333 42.3333 0 0 36 0 0 65 14.1111 0 0 127 0 0 127 0 14.1111
14.1111 0 0 0.0510204 0.142857 0 0 0.102041 0 0 0.112245 0 0 -0.0918367
0 -0.0612245 -0.0714286 0 0 0.377551 0 0 0.0714286 -0.173469 0 0 0.0408163
0 0 0.295918 0 0.132653 -0.0918367 2.09375 1123 1415 10 0.119266 0.183486
3 2;
3, 70 0 0.6 0.6 0.9 1 0.9 0.9 0.9 0.8 0.9 6 4 32 12 1 1 1 0 0 1 1
1 1 3 3 3 1 1 0 0 29.5451 88.6354 0 0 42.3333 0 0 29.5451 0 0 42.3333
42.3333 42.3333 42.3333 0 42.3333 36 0 0 65 14.1111 0 0 127 0 0 42.3333
0 14.1111 14.1111 0 0 0.0510204 0.142857 0 0 0.204082 0 0 0.112245
0 0 -0.0918367 0 -0.0612245 -0.0714286 0 0.0204082 0.377551 0 0 0.0714286
-0.173469 0 0 0.0408163 0 0 0.357143 0 0.132653 -0.0918367 2.09375
1123 1415 10 0.119266 0.183486 3 2;
4, 70 0 0.6 0.6 0.9 1 0.9 0.9 0.9 0.8 0.9 6 4 32 12 1 1 1 0 0 1 1
1 1 3 3 3 1 1 60 0 60 88.6354 45 0 47 0 68 29.5451 39 0 68 42.3333
40 42.3333 71 42.3333 47 0 48 65 44 0 51 127 53 0 40 0 49 14.1111 0.0918367
0 0.0510204 0.142857 -0.0714286 0 0.112245 0 0.255102 0.112245 0.153061
0 0.112245 0 0.234694 -0.0714286 0.346939 0.0204082 0.244898 0 0.163265
0.0714286 -0.0408163 0 -0.0306122 0.0408163 -0.0306122 0 -0.0612245
0 -0.0612245 -0.0918367 2.09375 1123 1415 10 0.119266 0.183486 3 2
;
5, 70 0 0.6 0.6 0.9 1 0.9 0.9 0.9 0.8 0.9 6 4 32 12 1 1 1 2 0 1 1
1 1 1 1 1 1 1 0 0 29.5451 88.6354 0 0 29.5451 0 0 29.5451 0 0 0 0 29.5451
88.6354 0 0 0 0 0 0 0 0 0 0 0 0 0 0 0 0 0 0 0.0510204 0.142857 0 0
0.102041 0 0 0.112245 0 0 0 0 0.0306122 0.183673 0 0 0 0 0 0 0 0 0
0 0 0 0 0 0 0 2.09375 1123 1415 10 0.119266 0.183486 3 2;
6, 70 0 0.6 0.6 0.9 1 0.9 0.9 0.9 0.8 0.9 6 4 32 12 1 1 1 2 0 1 1
1 1 1 1 1 1 1 0 0 29.5451 88.6354 0 0 29.5451 0 0 29.5451 0 0 0 0 29.5451
88.6354 0 0 0 0 0 0 84.6667 0 0 0 0 0 0 0 0 0 0 0 0.0510204 0.142857
0 0 0.102041 0 0 0.112245 0 0 0 0 0.0306122 0.183673 0 0 0 0 0 0 -0.0204082
0 0 0 0 0 0 0 0 0 2.09375 1123 1415 10 0.119266 0.183486 3 2;
7, 70 0 0.6 0.6 0.9 1 0.9 0.9 0.9 0.8 0.9 6 4 32 12 1 1 1 2 0 1 1
1 1 1 1 1 1 1 0 0 29.5451 88.6354 0 0 29.5451 0 0 29.5451 0 0 0 0 29.5451
88.6354 0 0 0 0 0 0 84.6667 0 0 127 0 0 127 0 0 0 0 0 0.0510204 0.142857
0 0 0.102041 0 0 0.112245 0 0 0 0 0.0306122 0.183673 0 0 0 0 0 0 -0.0204082
0 0 0.0408163 0 0 0.295918 0 0 0 2.09375 1123 1415 10 0.119266 0.183486
3 2;
8, 70 0 0.6 0.6 0.9 1 0.9 0.9 0.9 0.8 0.9 6 4 32 12 1 1 1 2 0 1 1
1 1 1 1 1 1 1 0 0 29.5451 88.6354 0 0 29.5451 0 0 29.5451 0 0 0 0 29.5451
88.6354 0 0 0 0 0 0 84.6667 0 0 127 0 0 127 0 0 0 0 0 0.0510204 0.142857
0 0 0.102041 0 0 0.112245 0 0 0 0 0.0306122 0.183673 0 0 0 0 0 0 -0.0204082
0 0 0.0408163 0 0 0.295918 0 0 0 2.09375 1123 1415 10 0.119266 0.183486
3 2;
9, 70 0 0.6 0.6 0.9 1 0.9 0.9 0.9 0.8 0.9 6 4 32 12 1 1 1 2 0 1 1
1 1 1 1 1 1 1 0 0 29.5451 88.6354 0 0 29.5451 0 0 29.5451 0 0 0 0 29.5451
88.6354 0 0 0 0 0 0 84.6667 0 0 127 0 0 127 0 0 0 0 0 0.0510204 0.142857
0 0 0.102041 0 0 0.112245 0 0 0 0 0.0306122 0.183673 0 0 0 0 0 0 -0.0204082
0 0 0.0408163 0 0 0.295918 0 0 0 2.09375 1123 1415 10 0.119266 0.183486
3 2;
10, 70 0 0.6 0.6 0.9 1 0.9 0.9 0.9 0.8 0.9 6 4 32 12 1 1 1 2 0 1 1
1 1 1 1 1 1 1 0 0 29.5451 88.6354 0 0 29.5451 0 0 29.5451 0 0 0 0 14.1111
88.6354 0 0 0 0 0 0 84.6667 0 0 127 0 0 127 0 0 0 0 0 0.0510204 0.142857
0 0 0.102041 0 0 0.112245 0 0 0 0 0.336735 0.183673 0 0 0 0 0 0 -0.0204082
0 0 0.0408163 0 0 0.295918 0 0 0 2.09375 1123 1415 10 0.119266 0.183486
3 2;
11, 70 0 0.6 0.6 0.9 1 0.9 0.9 0.9 0.8 0.9 6 4 32 12 1 1 1 2 0 1 1
1 1 1 1 1 1 1 0 0 29.5451 88.6354 0 0 29.5451 0 0 29.5451 0 0 0 0 14.1111
14.1111 0 0 0 0 0 0 14.1111 0 0 127 0 0 127 0 0 0 0 0 0.0510204 0.142857
0 0 0.102041 0 0 0.112245 0 0 0 0 0.336735 0.214286 0 0 0 0 0 0 -0.173469
0 0 0.0408163 0 0 0.295918 0 0 0 2.09375 1123 1415 10 0.119266 0.183486
3 2;
12, 70 0 0.6 0.6 0.9 1 0.9 0.9 0.9 0.8 0.9 6 4 32 12 1 1 1 2 0 1 1
1 1 1 1 1 1 1 0 0 29.5451 88.6354 0 0 29.5451 0 0 29.5451 0 0 0 0 14.1111
14.1111 0 0 0 0 0 0 14.1111 0 0 127 0 0 127 0 14.1111 14.1111 0 0 0.0510204
0.142857 0 0 0.102041 0 0 0.112245 0 0 0 0 0.336735 0.214286 0 0 0
0 0 0 -0.173469 0 0 0.0408163 0 0 0.295918 0 0.132653 -0.0918367 2.09375
1123 1415 10 0.119266 0.183486 3 2;
13, 70 0 0.6 0.6 0.9 1 0.9 0.9 0.9 0.8 0.9 6 4 32 12 1 1 1 2 0 1 1
1 1 1 1 1 1 1 0 0 29.5451 88.6354 0 0 29.5451 0 0 29.5451 0 0 42.3333
0 14.1111 14.1111 0 0 0 0 0 0 14.1111 0 0 127 0 0 127 0 14.1111 14.1111
0 0 0.0510204 0.142857 0 0 0.102041 0 0 0.112245 0 0 -0.0918367 0 0.336735
0.214286 0 0 0 0 0 0 -0.173469 0 0 0.0408163 0 0 0.295918 0 0.132653
-0.0918367 2.09375 1123 1415 10 0.119266 0.183486 3 2;
14, 70 0 0.6 0.6 0.9 1 0.9 0.9 0.9 0.8 0.9 6 4 32 12 1 1 1 2 0 1 1
1 1 1 1 1 1 1 0 0 29.5451 88.6354 0 0 29.5451 0 0 29.5451 0 0 42.3333
42.3333 42.3333 42.3333 0 0 0 0 0 0 14.1111 0 0 127 0 0 127 0 14.1111
14.1111 0 0 0.0510204 0.142857 0 0 0.102041 0 0 0.112245 0 0 -0.0918367
0 -0.0612245 -0.0714286 0 0 0 0 0 0 -0.173469 0 0 0.0408163 0 0 0.295918
0 0.132653 -0.0918367 2.09375 1123 1415 10 0.119266 0.183486 3 2;
15, 70 0 0.6 0.6 0.9 1 0.9 0.9 0.9 0.8 0.9 6 4 32 12 1 1 1 2 0 1 1
1 1 1 1 1 1 1 0 0 29.5451 88.6354 0 0 29.5451 0 0 29.5451 0 0 42.3333
42.3333 42.3333 42.3333 0 0 28.2222 0 0 0 14.1111 0 0 127 0 0 127 0
14.1111 14.1111 0 0 0.0510204 0.142857 0 0 0.102041 0 0 0.112245 0
0 -0.0918367 0 -0.0612245 -0.0714286 0 0 0.367347 0 0 0 -0.173469 0
0 0.0408163 0 0 0.295918 0 0.132653 -0.0918367 2.09375 1123 1415 10
0.119266 0.183486 3 2;
16, 70 0 0.6 0.6 0.9 1 0.9 0.9 0.9 0.8 0.9 6 4 32 12 1 1 1 2 0 1 1
1 1 1 1 1 1 1 0 0 29.5451 88.6354 0 0 29.5451 0 0 29.5451 0 0 42.3333
42.3333 42.3333 42.3333 0 0 28.2222 0 0 28.2222 14.1111 0 0 127 0 0
127 0 14.1111 14.1111 0 0 0.0510204 0.142857 0 0 0.102041 0 0 0.112245
0 0 -0.0918367 0 -0.0612245 -0.0714286 0 0 0.367347 0 0 0.255102 -0.173469
0 0 0.0408163 0 0 0.295918 0 0.132653 -0.0918367 2.09375 1123 1415
10 0.119266 0.183486 3 2;
17, 70 0 0.6 0.6 0.9 1 0.9 0.9 0.9 0.8 0.9 6 4 32 12 1 1 1 2 0 1 1
1 1 1 1 1 1 1 0 0 29.5451 88.6354 0 0 29.5451 0 0 29.5451 0 0 42.3333
42.3333 42.3333 42.3333 0 0 36 0 0 28.2222 14.1111 0 0 127 0 0 127
0 14.1111 14.1111 0 0 0.0510204 0.142857 0 0 0.102041 0 0 0.112245
0 0 -0.0918367 0 -0.0612245 -0.0714286 0 0 0.377551 0 0 0.255102 -0.173469
0 0 0.0408163 0 0 0.295918 0 0.132653 -0.0918367 2.09375 1123 1415
10 0.119266 0.183486 3 2;
18, 70 0 0.6 0.6 0.9 1 0.9 0.9 0.9 0.8 0.9 6 4 32 12 1 1 1 2 0 1 1
1 1 1 1 1 1 1 0 0 29.5451 88.6354 0 0 29.5451 0 0 29.5451 0 0 42.3333
42.3333 42.3333 42.3333 0 0 36 0 0 65 14.1111 0 0 127 0 0 127 0 14.1111
14.1111 0 0 0.0510204 0.142857 0 0 0.102041 0 0 0.112245 0 0 -0.0918367
0 -0.0612245 -0.0714286 0 0 0.377551 0 0 0.0714286 -0.173469 0 0 0.0408163
0 0 0.295918 0 0.132653 -0.0918367 2.09375 1123 1415 10 0.119266 0.183486
3 2;
19, 70 0 0.6 0.6 0.9 1 0.9 0.9 0.9 0.8 0.9 6 4 32 12 1 1 1 2 0 1 1
1 1 1 1 1 1 1 0 0 29.5451 88.6354 0 0 29.5451 0 0 29.5451 0 0 42.3333
42.3333 42.3333 42.3333 0 0 36 0 0 65 14.1111 0 0 127 0 0 127 0 14.1111
14.1111 0 0 0.0510204 0.142857 0 0 0.102041 0 0 0.112245 0 0 -0.0918367
0 -0.0612245 -0.0714286 0 0 0.377551 0 0 0.0714286 -0.173469 0 0 0.0408163
0 0 0.295918 0 0.132653 -0.0918367 2.09375 1123 1415 10 0.119266 0.183486
3 2;
20, 70 0 0.6 0.6 0.9 1 0.9 0.9 0.9 0.8 0.9 6 4 32 12 1 1 1 2 0 1 1
1 1 1 1 1 1 1 0 0 29.5451 88.6354 0 0 29.5451 0 0 29.5451 0 0 42.3333
42.3333 42.3333 42.3333 0 0 36 0 0 65 14.1111 0 0 127 0 0 127 0 14.1111
14.1111 0 0 0.0510204 0.142857 0 0 0.102041 0 0 0.112245 0 0 -0.0918367
0 -0.0612245 -0.0714286 0 0 0.377551 0 0 0.0714286 -0.173469 0 0 0.0408163
0 0 0.295918 0 0.132653 -0.0918367 2.09375 1123 1415 10 0.119266 0.183486
3 2;
21, 70 0 0.6 0.6 0.9 1 0.9 0.9 0.9 0.8 0.9 6 4 32 12 1 1 1 2 0 1 1
1 1 1 1 1 1 1 0 0 29.5451 88.6354 0 0 29.5451 0 0 29.5451 0 0 0 0 29.5451
88.6354 0 0 0 0 0 0 84.6667 0 0 127 0 0 127 0 0 0 0 0 0.0510204 0.142857
0 0 0.102041 0 0 0.112245 0 0 0 0 0.0306122 0.183673 0 0 0 0 0 0 -0.0204082
0 0 0.0408163 0 0 0.295918 0 0 0 2.09375 1123 1415 10 0.119266 0.183486
3 2;
22, 70 0 0.6 0.6 0.9 1 0.9 0.9 0.9 0.8 0.9 6 4 32 12 1 1 1 2 0 1 1
1 1 1 1 1 1 1 0 0 29.5451 88.6354 0 0 29.5451 0 0 29.5451 0 0 42.3333
42.3333 42.3333 42.3333 0 0 36 0 0 65 14.1111 0 0 127 0 0 127 0 14.1111
14.1111 0 0 0.0510204 0.142857 0 0 0.102041 0 0 0.112245 0 0 -0.0918367
0 -0.0612245 -0.0714286 0 0 0.377551 0 0 0.0714286 -0.173469 0 0 0.0408163
0 0 0.295918 0 0.132653 -0.0918367 2.09375 1123 1415 10 0.119266 0.183486
3 2;
23, 70 0 0.6 0.6 0.9 1 0.9 0.9 0.9 0.8 0.9 6 4 32 12 1 1 1 2 0 1 1
1 1 1 1 1 1 1 0 0 29.5451 88.6354 0 0 29.5451 0 0 29.5451 0 0 42.3333
42.3333 42.3333 42.3333 0 0 36 0 0 65 14.1111 0 0 127 0 0 127 0 14.1111
14.1111 0 0 0.0510204 0.142857 0 0 0.102041 0 0 0.112245 0 0 -0.0918367
0 -0.0612245 -0.0714286 0 0 0.377551 0 0 0.0714286 -0.173469 0 0 0.0408163
0 0 0.295918 0 0.132653 -0.0918367 2.09375 1123 1415 10 0.119266 0.183486
3 2;
24, 70 0 0.6 0.6 0.9 1 0.9 0.9 0.9 0.8 0.9 6 4 32 12 1 1 1 2 0 1 1
1 1 1 1 1 1 1 0 0 29.5451 88.6354 0 0 29.5451 0 0 29.5451 0 0 42.3333
42.3333 42.3333 42.3333 0 0 36 0 0 65 14.1111 0 0 127 0 0 42.3333 0
14.1111 14.1111 0 0 0.0510204 0.142857 0 0 0.102041 0 0 0.112245 0
0 -0.0918367 0 -0.0612245 -0.0714286 0 0 0.377551 0 0 0.0714286 -0.173469
0 0 0.0408163 0 0 0.357143 0 0.132653 -0.0918367 2.09375 1123 1415
10 0.119266 0.183486 3 2;
25, 70 0 0.6 0.6 0.9 1 0.9 0.9 0.9 0.8 0.9 6 4 32 12 1 1 1 2 0 1 1
1 1 3 1 1 1 1 0 0 29.5451 88.6354 0 0 29.5451 0 0 29.5451 0 0 42.3333
42.3333 42.3333 42.3333 0 0 36 0 0 65 14.1111 0 0 127 0 0 42.3333 0
14.1111 14.1111 0 0 0.0510204 0.142857 0 0 0.102041 0 0 0.112245 0
0 -0.0918367 0 -0.0612245 -0.0714286 0 0 0.377551 0 0 0.0714286 -0.173469
0 0 0.0408163 0 0 0.357143 0 0.132653 -0.0918367 2.09375 1123 1415
10 0.119266 0.183486 3 2;
26, 70 0 0.6 0.6 0.9 1 0.9 0.9 0.9 0.8 0.9 6 4 32 12 1 1 1 2 0 1 1
1 1 3 3 1 1 1 0 0 29.5451 88.6354 0 0 42.3333 0 0 29.5451 0 0 42.3333
42.3333 42.3333 42.3333 0 0 36 0 0 65 14.1111 0 0 127 0 0 42.3333 0
14.1111 14.1111 0 0 0.0510204 0.142857 0 0 0.204082 0 0 0.112245 0
0 -0.0918367 0 -0.0612245 -0.0714286 0 0 0.377551 0 0 0.0714286 -0.173469
0 0 0.0408163 0 0 0.357143 0 0.132653 -0.0918367 2.09375 1123 1415
10 0.119266 0.183486 3 2;
27, 70 0 0.6 0.6 0.9 1 0.9 0.9 0.9 0.8 0.9 6 4 32 12 1 1 1 2 0 1 1
1 1 3 3 3 1 1 0 0 29.5451 88.6354 0 0 42.3333 0 0 29.5451 0 0 42.3333
42.3333 42.3333 42.3333 0 42.3333 36 0 0 65 14.1111 0 0 127 0 0 42.3333
0 14.1111 14.1111 0 0 0.0510204 0.142857 0 0 0.204082 0 0 0.112245
0 0 -0.0918367 0 -0.0612245 -0.0714286 0 0.0204082 0.377551 0 0 0.0714286
-0.173469 0 0 0.0408163 0 0 0.357143 0 0.132653 -0.0918367 2.09375
1123 1415 10 0.119266 0.183486 3 2;
28, 70 0 0.6 0.6 0.9 1 0.9 0.9 0.9 0.8 0.9 6 4 32 12 1 1 1 0 0 1 1
1 1 3 3 3 1 1 0 0 29.5451 88.6354 0 0 42.3333 0 0 29.5451 0 0 42.3333
42.3333 42.3333 42.3333 0 42.3333 36 0 0 65 14.1111 0 0 127 0 0 42.3333
0 14.1111 14.1111 0 0 0.0510204 0.142857 0 0 0.204082 0 0 0.112245
0 0 -0.0918367 0 -0.0612245 -0.0714286 0 0.0204082 0.377551 0 0 0.0714286
-0.173469 0 0 0.0408163 0 0 0.357143 0 0.132653 -0.0918367 2.09375
1123 1415 10 0.119266 0.183486 3 2;
29, 70 0 0.6 0.6 0.9 1 0.9 0.9 0.9 0.8 0.9 6 4 32 12 1 1 1 0 0 1 1
1 1 3 3 3 1 1 0 0 29.5451 88.6354 0 0 42.3333 0 0 29.5451 0 0 42.3333
42.3333 42.3333 42.3333 0 42.3333 36 0 0 65 14.1111 0 0 127 0 0 42.3333
0 14.1111 14.1111 0 0 0.0510204 0.142857 0 0 0.204082 0 0 0.112245
0 0 -0.0918367 0 -0.0612245 -0.0714286 0 0.0204082 0.377551 0 0 0.0714286
-0.173469 0 0 0.0408163 0 0 0.357143 0 0.132653 -0.0918367 2.09375
1123 1415 10 0.119266 0.183486 3 2;
30, 70 0 0.6 0.6 0.9 1 0.9 0.9 0.9 0.8 0.9 6 4 32 12 1 1 1 0 0 1 1
1 1 3 3 3 1 1 0 0 29.5451 88.6354 0 0 42.3333 0 0 29.5451 0 0 42.3333
42.3333 42.3333 42.3333 0 42.3333 36 0 0 65 14.1111 0 0 127 0 0 42.3333
0 14.1111 14.1111 0 0 0.0510204 0.142857 0 0 0.204082 0 0 0.112245
0 0 -0.0918367 0 -0.0612245 -0.0714286 0 0.0204082 0.377551 0 0 0.0714286
-0.173469 0 0 0.0408163 0 0 0.357143 0 0.132653 -0.0918367 2.09375
1123 1415 10 0.119266 0.183486 3 2;
31, 70 0 0.6 0.6 0.9 1 0.9 0.9 0.9 0.8 0.9 6 4 32 12 1 1 1 2 0 1 1
1 1 1 1 1 1 1 0 0 29.5451 88.6354 0 0 29.5451 0 0 29.5451 0 0 42.3333
42.3333 42.3333 42.3333 0 0 36 0 0 65 14.1111 0 0 127 0 0 127 0 14.1111
14.1111 0 0 0.0510204 0.142857 0 0 0.102041 0 0 0.112245 0 0 -0.0918367
0 -0.0612245 -0.0714286 0 0 0.377551 0 0 0.0714286 -0.173469 0 0 0.0408163
0 0 0.295918 0 0.132653 -0.0918367 2.09375 1123 1415 10 0.119266 0.183486
3 2;
32, 70 0 0.6 0.6 0.9 1 0.9 0.9 0.9 0.8 0.9 6 4 32 12 1 1 1 0 0 1 1
1 1 3 3 3 1 1 0 0 29.5451 88.6354 0 0 42.3333 0 0 29.5451 0 0 42.3333
42.3333 42.3333 42.3333 0 42.3333 36 0 0 65 14.1111 0 0 127 0 0 42.3333
0 14.1111 14.1111 0 0 0.0510204 0.142857 0 0 0.204082 0 0 0.112245
0 0 -0.0918367 0 -0.0612245 -0.0714286 0 0.0204082 0.377551 0 0 0.0714286
-0.173469 0 0 0.0408163 0 0 0.357143 0 0.132653 -0.0918367 2.09375
1123 1415 10 0.119266 0.183486 3 2;
33, 70 0 0.6 0.6 0.9 1 0.9 0.9 0.9 0.8 0.9 6 4 32 12 1 1 1 0 0 1 1
1 1 3 3 3 1 1 0 0 29.5451 88.6354 0 0 42.3333 0 0 29.5451 0 0 42.3333
42.3333 42.3333 42.3333 0 42.3333 36 0 0 65 14.1111 0 0 127 0 0 42.3333
0 14.1111 14.1111 0 0 0.0510204 0.142857 0 0 0.204082 0 0 0.112245
0 0 -0.0918367 0 -0.0612245 -0.0714286 0 0.0204082 0.377551 0 0 0.0714286
-0.173469 0 0 0.0408163 0 0 0.357143 0 0.132653 -0.0918367 2.09375
1123 1415 10 0.119266 0.183486 3 2;
34, 70 0 0.6 0.6 0.9 1 0.9 0.9 0.9 0.8 0.9 6 4 32 12 1 1 1 0 0 1 1
1 1 3 3 3 1 1 0 0 29.5451 88.6354 0 0 42.3333 0 0 29.5451 0 0 42.3333
42.3333 42.3333 42.3333 0 42.3333 36 0 0 65 14.1111 0 0 127 0 0 42.3333
0 14.1111 14.1111 0 0 0.0510204 0.142857 0 0 0.204082 0 0 0.112245
0 0 -0.0918367 0 -0.0612245 -0.0714286 0 0.0204082 0.377551 0 0 0.0714286
-0.173469 0 0 0.0408163 0 0 0.357143 0 0.132653 -0.0918367 2.09375
1123 1415 10 0.119266 0.183486 3 2;
35, 70 0 0.6 0.6 0.9 1 0.9 0.9 0.9 0.8 0.9 6 4 32 12 1 1 1 0 0 1 1
1 1 3 3 3 1 1 0 0 29.5451 88.6354 0 0 42.3333 0 0 29.5451 0 0 42.3333
42.3333 42.3333 42.3333 0 42.3333 36 0 0 65 14.1111 0 0 127 0 0 42.3333
0 14.1111 14.1111 0 0 0.0510204 0.142857 0 0 0.204082 0 0 0.112245
0 0 -0.0918367 0 -0.0612245 -0.0714286 0 0.0204082 0.377551 0 0 0.0714286
-0.173469 0 0 0.0408163 0 0 0.357143 0 0.132653 -0.0918367 2.09375
1123 1415 10 0.119266 0.183486 3 2;
36, 70 0 0.6 0.6 0.9 1 0.9 0.9 0.9 0.8 0.9 6 4 32 12 1 1 1 0 0 1 1
1 1 3 3 3 1 1 40 0 29.5451 88.6354 0 0 42.3333 0 0 29.5451 0 0 42.3333
42.3333 42.3333 42.3333 0 42.3333 36 0 0 65 14.1111 0 0 127 0 0 42.3333
0 14.1111 14.1111 -0.0204082 0 0.0510204 0.142857 0 0 0.204082 0 0
0.112245 0 0 -0.0918367 0 -0.0612245 -0.0714286 0 0.0204082 0.377551
0 0 0.0714286 -0.173469 0 0 0.0408163 0 0 0.357143 0 0.132653 -0.0918367
2.09375 1123 1415 10 0.119266 0.183486 3 2;
37, 70 0 0.6 0.6 0.9 1 0.9 0.9 0.9 0.8 0.9 6 4 32 12 1 1 1 0 0 1 1
1 1 3 3 3 1 1 40 0 40 88.6354 39 0 39 0 40 29.5451 0 0 42.3333 42.3333
42.3333 42.3333 0 42.3333 36 0 0 65 14.1111 0 0 127 0 0 42.3333 0 14.1111
14.1111 -0.0204082 0 -0.112245 0.142857 -0.214286 0 -0.0918367 0 0.0306122
0.112245 0 0 -0.0918367 0 -0.0612245 -0.0714286 0 0.0204082 0.377551
0 0 0.0714286 -0.173469 0 0 0.0408163 0 0 0.357143 0 0.132653 -0.0918367
2.09375 1123 1415 10 0.119266 0.183486 3 2;
38, 70 0 0.6 0.6 0.9 1 0.9 0.9 0.9 0.8 0.9 6 4 32 12 1 1 1 0 0 1 1
1 1 3 3 3 1 1 40 0 40 88.6354 39 0 39 0 40 29.5451 40 0 46 42.3333
38 42.3333 56 42.3333 44 0 0 65 14.1111 0 0 127 0 0 42.3333 0 14.1111
14.1111 -0.0204082 0 -0.112245 0.142857 -0.214286 0 -0.0918367 0 0.0306122
0.112245 -0.0306122 0 -0.0102041 0 0.0510204 -0.0714286 0.0612245 0.0204082
0.0918367 0 0 0.0714286 -0.173469 0 0 0.0408163 0 0 0.357143 0 0.132653
-0.0918367 2.09375 1123 1415 10 0.119266 0.183486 3 2;
39, 70 0 0.6 0.6 0.9 1 0.9 0.9 0.9 0.8 0.9 6 4 32 12 1 1 1 0 0 1 1
1 1 3 3 3 1 1 40 0 40 88.6354 39 0 39 0 40 29.5451 40 0 46 42.3333
38 42.3333 56 42.3333 44 0 54 65 39 0 59 127 48 0 47 0 14.1111 14.1111
-0.0204082 0 -0.112245 0.142857 -0.214286 0 -0.0918367 0 0.0306122
0.112245 -0.0306122 0 -0.0102041 0 0.0510204 -0.0714286 0.0612245 0.0204082
0.0918367 0 0.0204082 0.0714286 0 0 -0.0102041 0.0408163 0.0204082
0 0.0816327 0 0.132653 -0.0918367 2.09375 1123 1415 10 0.119266 0.183486
3 2;
40, 70 0 0.6 0.6 0.9 1 0.9 0.9 0.9 0.8 0.9 6 4 32 12 1 1 1 0 0 1 1
1 1 3 3 3 1 1 60 0 60 88.6354 45 0 39 0 40 29.5451 40 0 46 42.3333
38 42.3333 56 42.3333 44 0 54 65 39 0 59 127 48 0 47 0 59 14.1111 0.0918367
0 0.0510204 0.142857 -0.0714286 0 -0.0918367 0 0.0306122 0.112245 -0.0306122
0 -0.0102041 0 0.0510204 -0.0714286 0.0612245 0.0204082 0.0918367 0
0.0204082 0.0714286 0 0 -0.0102041 0.0408163 0.0204082 0 0.0816327
0 0.122449 -0.0918367 2.09375 1123 1415 10 0.119266 0.183486 3 2;
41, 70 0 0.6 0.6 0.9 1 0.9 0.9 0.9 0.8 0.9 6 4 32 12 1 1 1 0 0 1 1
1 1 3 3 3 1 1 60 0 60 88.6354 45 0 47 0 68 29.5451 39 0 68 42.3333
40 42.3333 56 42.3333 44 0 54 65 39 0 59 127 48 0 47 0 59 14.1111 0.0918367
0 0.0510204 0.142857 -0.0714286 0 0.112245 0 0.255102 0.112245 0.153061
0 0.112245 0 0.234694 -0.0714286 0.0612245 0.0204082 0.0918367 0 0.0204082
0.0714286 0 0 -0.0102041 0.0408163 0.0204082 0 0.0816327 0 0.122449
-0.0918367 2.09375 1123 1415 10 0.119266 0.183486 3 2;
42, 70 0 0.6 0.6 0.9 1 0.9 0.9 0.9 0.8 0.9 6 4 32 12 1 1 1 0 0 1 1
1 1 3 3 3 1 1 60 0 60 88.6354 45 0 47 0 68 29.5451 39 0 68 42.3333
40 42.3333 71 42.3333 47 0 48 65 44 0 51 127 48 0 47 0 59 14.1111 0.0918367
0 0.0510204 0.142857 -0.0714286 0 0.112245 0 0.255102 0.112245 0.153061
0 0.112245 0 0.234694 -0.0714286 0.346939 0.0204082 0.244898 0 0.163265
0.0714286 -0.0408163 0 -0.0306122 0.0408163 0.0204082 0 0.0816327 0
0.122449 -0.0918367 2.09375 1123 1415 10 0.119266 0.183486 3 2;
43, 70 0 0.6 0.6 0.9 1 0.9 0.9 0.9 0.8 0.9 6 4 32 12 1 1 1 0 0 1 1
1 1 3 3 3 1 1 60 0 60 88.6354 45 0 47 0 68 29.5451 39 0 68 42.3333
40 42.3333 71 42.3333 47 0 48 65 44 0 51 127 53 0 40 0 49 14.1111 0.0918367
0 0.0510204 0.142857 -0.0714286 0 0.112245 0 0.255102 0.112245 0.153061
0 0.112245 0 0.234694 -0.0714286 0.346939 0.0204082 0.244898 0 0.163265
0.0714286 -0.0408163 0 -0.0306122 0.0408163 -0.0306122 0 -0.0612245
0 -0.0612245 -0.0918367 2.09375 1123 1415 10 0.119266 0.183486 3 2
;
44, 70 0 0.6 0.6 0.9 1 0.9 0.9 0.9 0.8 0.9 6 4 32 12 1 1 1 0 0 1 1
1 1 3 3 3 1 1 60 0 60 88.6354 45 0 47 0 68 29.5451 39 0 68 42.3333
40 42.3333 71 42.3333 47 0 48 65 44 0 51 127 53 0 40 0 49 14.1111 0.0918367
0 0.0510204 0.142857 -0.0714286 0 0.112245 0 0.255102 0.112245 0.153061
0 0.112245 0 0.234694 -0.0714286 0.346939 0.0204082 0.244898 0 0.163265
0.0714286 -0.0408163 0 -0.0306122 0.0408163 -0.0306122 0 -0.0612245
0 -0.0612245 -0.0918367 2.09375 1123 1415 10 0.119266 0.183486 3 2
;
45, 70 0 0.6 0.6 0.9 1 0.9 0.9 0.9 0.8 0.9 6 4 32 12 1 1 1 0 0 1 1
1 1 3 3 3 1 1 60 0 60 88.6354 45 0 47 0 68 29.5451 39 0 68 42.3333
40 42.3333 71 42.3333 47 0 48 65 44 0 51 127 53 0 40 0 49 14.1111 0.0918367
0 0.0510204 0.142857 -0.0714286 0 0.112245 0 0.255102 0.112245 0.153061
0 0.112245 0 0.234694 -0.0714286 0.346939 0.0204082 0.244898 0 0.163265
0.0714286 -0.0408163 0 -0.0306122 0.0408163 -0.0306122 0 -0.0612245
0 -0.0612245 -0.0918367 2.09375 1123 1415 10 0.119266 0.183486 3 2
;
46, 70 0 0.6 0.6 0.9 1 0.9 0.9 0.9 0.8 0.9 6 4 32 12 1 1 1 0 0 1 1
1 1 3 3 3 1 1 0 0 29.5451 88.6354 0 0 42.3333 0 0 29.5451 0 0 42.3333
42.3333 42.3333 42.3333 0 42.3333 36 0 0 65 14.1111 0 0 127 0 0 42.3333
0 14.1111 14.1111 0 0 0.0510204 0.142857 0 0 0.204082 0 0 0.112245
0 0 -0.0918367 0 -0.0612245 -0.0714286 0 0.0204082 0.377551 0 0 0.0714286
-0.173469 0 0 0.0408163 0 0 0.357143 0 0.132653 -0.0918367 2.09375
1123 1415 10 0.119266 0.183486 3 2;
47, 70 0 0.6 0.6 0.9 1 0.9 0.9 0.9 0.8 0.9 6 4 32 12 1 1 1 0 0 1 1
1 1 3 3 3 1 1 0 0 29.5451 88.6354 0 0 42.3333 0 0 29.5451 0 0 42.3333
42.3333 42.3333 42.3333 0 42.3333 36 0 0 65 14.1111 0 0 127 0 0 42.3333
0 14.1111 14.1111 0 0 0.0510204 0.142857 0 0 0.204082 0 0 0.112245
0 0 -0.0918367 0 -0.0612245 -0.0714286 0 0.0204082 0.377551 0 0 0.0714286
-0.173469 0 0 0.0408163 0 0 0.357143 0 0.132653 -0.0918367 2.09375
1123 1415 10 0.119266 0.183486 3 2;
48, 70 0 0.6 0.6 0.9 1 0.9 0.9 0.9 0.8 0.9 6 4 32 12 1 1 1 0 0 1 1
1 1 3 3 3 1 1 60 0 60 88.6354 45 0 47 0 68 29.5451 39 0 68 42.3333
40 42.3333 71 42.3333 47 0 48 65 44 0 51 127 53 0 40 0 49 14.1111 0.0918367
0 0.0510204 0.142857 -0.0714286 0 0.112245 0 0.255102 0.112245 0.153061
0 0.112245 0 0.234694 -0.0714286 0.346939 0.0204082 0.244898 0 0.163265
0.0714286 -0.0408163 0 -0.0306122 0.0408163 -0.0306122 0 -0.0612245
0 -0.0612245 -0.0918367 2.09375 1123 1415 10 0.119266 0.183486 3 2
;
49, 70 0 0.6 0.6 0.9 1 0.9 0.9 0.9 0.8 0.9 6 4 32 12 1 1 1 0 0 1 1
1 1 3 3 3 1 1 60 0 60 88.6354 45 0 47 0 68 29.5451 39 0 68 42.3333
40 42.3333 71 42.3333 47 0 48 65 44 0 51 127 53 0 40 0 49 14.1111 0.0918367
0 0.0510204 0.142857 -0.0714286 0 0.112245 0 0.255102 0.112245 0.153061
0 0.112245 0 0.234694 -0.0714286 0.346939 0.0204082 0.244898 0 0.163265
0.0714286 -0.0408163 0 -0.0306122 0.0408163 -0.0306122 0 -0.0612245
0 -0.0612245 -0.0918367 2.09375 1123 1415 10 0.119266 0.183486 3 2
;
50, 70 0 0.6 0.6 0.9 1 0.9 0.9 0.9 0.8 0.9 6 4 32 12 1 1 1 0 0 1 1
1 1 3 3 3 1 1 0 0 29.5451 88.6354 0 0 42.3333 0 0 29.5451 0 0 42.3333
42.3333 42.3333 42.3333 0 42.3333 36 0 0 65 14.1111 0 0 127 0 0 42.3333
0 14.1111 14.1111 0 0 0.0510204 0.142857 0 0 0.204082 0 0 0.112245
0 0 -0.0918367 0 -0.0612245 -0.0714286 0 0.0204082 0.377551 0 0 0.0714286
-0.173469 0 0 0.0408163 0 0 0.357143 0 0.132653 -0.0918367 2.09375
1123 1415 10 0.119266 0.183486 3 2;
51, 70 0 0.6 0.6 0.9 1 0.9 0.9 0.9 0.8 0.9 6 4 32 12 1 1 1 0 0 1 1
1 1 3 3 3 1 1 0 0 29.5451 88.6354 0 0 42.3333 0 0 29.5451 0 0 42.3333
42.3333 42.3333 42.3333 0 42.3333 36 0 0 65 14.1111 0 0 127 0 0 42.3333
0 14.1111 14.1111 0 0 0.0510204 0.142857 0 0 0.204082 0 0 0.112245
0 0 -0.0918367 0 -0.0612245 -0.0714286 0 0.0204082 0.377551 0 0 0.0714286
-0.173469 0 0 0.0408163 0 0 0.357143 0 0.132653 -0.0918367 2.09375
1123 1415 10 0.119266 0.183486 3 2;
52, 70 0 0.6 0.6 0.9 1 0.9 0.9 0.9 0.8 0.9 6 4 32 12 1 1 1 0 0 1 1
1 1 3 3 3 1 1 0 0 29.5451 88.6354 0 0 42.3333 0 0 29.5451 0 0 42.3333
42.3333 42.3333 42.3333 0 42.3333 36 0 0 65 14.1111 0 0 127 0 0 42.3333
0 14.1111 14.1111 0 0 0.0510204 0.142857 0 0 0.204082 0 0 0.112245
0 0 -0.0918367 0 -0.0612245 -0.0714286 0 0.0204082 0.377551 0 0 0.0714286
-0.173469 0 0 0.0408163 0 0 0.357143 0 0.132653 -0.0918367 2.09375
1123 1415 10 0.119266 0.183486 3 2;
